ID,Pay,Perf,EstHap,Stay
1,33000,6,7,1
2,25000,6,7,1
3,16000,5,6,1
4,17000,7,7,1
5,28000,7,7,1
6,37000,6,5,1
7,18000,3,8,1
8,16000,6,5,0
9,26000,6,6,1
10,18000,5,7,1
11,31000,10,8,1
12,27000,9,7,1
13,38000,8,5,1
14,24000,7,7,1
15,24000,4,9,1
16,18000,4,6,1
17,22000,4,7,1
18,24000,6,5,1
19,23000,7,7,1
20,23000,7,5,1
21,17000,5,7,1
22,22000,8,7,1
23,25000,6,6,1
24,19000,4,6,1
25,13000,4,7,1
26,28000,5,7,1
27,28000,7,6,1
28,20000,5,6,1
29,20000,5,7,1
30,44000,9,8,1
31,24000,6,7,1
32,19000,5,7,1
33,23000,6,6,1
34,29000,9,6,1
35,33000,4,6,1
36,24000,5,6,1
37,19000,6,6,0
38,24000,6,7,1
39,23000,6,6,1
40,21000,8,6,1
41,20000,5,5,0
42,31000,6,6,1
43,32000,7,6,1
44,22000,5,6,0
45,25000,5,7,1
46,21000,6,6,1
47,22000,4,6,1
48,16000,6,6,1
49,32000,8,6,1
50,18000,4,8,1
51,31000,7,8,1
52,23000,7,7,1
53,19000,4,8,1
54,21000,6,6,0
55,38000,7,6,0
56,33000,6,6,1
57,22000,6,8,1
58,34000,7,8,1
59,31000,8,5,0
60,34000,8,8,1
61,23000,5,7,1
62,15000,3,5,1
63,20000,8,5,1
64,25000,6,7,1
65,19000,8,8,1
66,31000,5,6,1
67,23000,7,6,1
68,27000,6,6,1
69,32000,8,7,1
70,26000,5,7,1
71,29000,8,4,1
72,20000,6,6,1
73,20000,6,5,1
74,28000,6,6,1
75,23000,5,6,1
76,19000,5,5,1
77,18000,6,5,1
78,15000,5,7,1
79,32000,7,6,1
80,16000,4,6,1
81,21000,5,7,1
82,20000,6,6,1
83,18000,5,7,1
84,16000,3,5,1
85,27000,7,6,1
86,31000,7,5,1
87,24000,5,7,1
88,36000,8,7,1
89,18000,3,6,1
90,27000,6,7,1
91,16000,5,6,1
92,28000,5,6,1
93,22000,7,6,1
94,18000,6,7,1
95,24000,7,6,1
96,28000,7,6,1
97,20000,6,7,1
98,23000,6,7,1
99,19000,4,7,1
100,25000,8,5,1
101,27000,8,7,1
102,25000,6,8,1
103,21000,5,6,1
104,17000,5,6,1
105,26000,4,8,1
106,19000,6,8,1
107,24000,5,8,1
108,25000,9,7,1
109,29000,6,7,1
110,26000,5,8,1
111,16000,5,7,1
112,20000,9,7,1
113,21000,7,7,1
114,24000,7,7,1
115,23000,6,6,1
116,35000,5,7,1
117,18000,6,6,1
118,21000,4,7,1
119,22000,7,7,1
120,27000,8,5,1
121,25000,6,6,1
122,21000,9,7,0
123,22000,6,7,1
124,21000,4,6,1
125,22000,6,7,1
126,16000,4,6,0
127,17000,7,7,1
128,33000,7,7,1
129,23000,8,6,1
130,20000,6,7,1
131,19000,6,5,1
132,18000,5,6,1
133,27000,6,6,1
134,18000,7,7,0
135,18000,6,7,1
136,23000,7,5,1
137,32000,9,6,1
138,21000,6,6,1
139,27000,6,6,1
140,27000,7,7,1
141,11000,3,7,1
142,19000,4,8,1
143,21000,6,7,1
144,20000,3,6,1
145,36000,8,6,1
146,22000,8,6,1
147,20000,6,7,1
148,24000,4,7,2
149,25000,7,6,1
150,22000,6,7,1
151,24000,6,11,1
152,21000,5,7,1
153,13000,6,6,0
154,21000,6,7,1
155,29000,5,7,1
156,21000,5,6,1
157,33000,8,6,1
158,23000,5,6,0
159,27000,7,5,1
160,20000,4,6,1
161,31000,7,5,1
162,18000,5,6,1
163,21000,3,7,1
164,28000,6,5,1
165,30000,8,6,1
166,35000,8,7,1
167,19000,10,7,1
168,25000,6,8,1
169,18000,5,6,1
170,23000,6,6,1
171,15000,4,7,1
172,25000,6,5,1
173,10000,4,5,0
174,26000,8,8,1
175,21000,5,6,1
176,36000,8,7,1
177,25000,5,7,1
178,19000,4,6,1
179,19000,2,7,1
180,21000,6,5,1
181,20000,7,6,0
182,16000,6,8,1
183,18000,5,6,1
184,21000,6,7,0
185,15000,3,7,1
186,28000,7,7,1
187,27000,7,6,1
188,24000,4,5,1
189,26000,8,6,1
190,21000,7,6,1
191,34000,8,7,1
192,18000,7,6,1
193,25000,6,7,1
194,24000,6,7,1
195,29000,7,6,0
196,22000,6,7,1
197,16000,5,7,1
198,20000,6,8,1
199,29000,8,4,1
200,26000,10,8,0
201,295000,6,7,1
202,19000,6,6,1
203,20000,5,7,1
204,17000,4,7,0
205,18000,8,6,1
206,19000,7,7,1
207,17000,3,7,1
208,23000,8,7,1
209,28000,7,6,1
210,20000,8,5,1
211,22000,6,7,1
212,18000,6,6,1
213,20000,5,7,1
214,18000,5,9,1
215,30000,6,6,1
216,41000,7,7,1
217,24000,5,5,1
218,17000,6,8,1
219,24000,6,6,1
220,17000,3,6,1
221,27000,7,6,1
222,29000,6,5,1
223,19000,5,5,1
224,24000,6,6,1
225,39000,7,6,1
226,21000,5,7,1
227,28000,8,7,1
228,26000,6,6,1
229,41000,7,7,0
230,34000,7,5,0
231,24000,4,4,1
232,20000,7,7,1
233,22000,6,7,1
234,24000,5,7,1
235,20000,8,5,1
236,14000,5,6,1
237,21000,4,8,1
238,26000,8,6,1
239,24000,6,8,1
240,18000,5,7,1
241,21000,7,8,1
242,17000,6,7,1
243,19000,5,6,1
244,27000,10,6,1
245,23000,8,6,1
246,14000,4,8,1
247,18000,3,6,1
248,35000,7,7,1
249,21000,4,7,1
250,27000,5,6,1
251,26000,6,6,1
252,17000,7,6,1
253,14000,5,5,1
254,14000,3,6,1
255,21000,5,7,1
256,29000,6,6,1
257,21000,6,7,1
258,24000,7,8,1
259,23000,6,6,1
260,27000,6,6,1
261,16000,6,7,1
262,35000,8,4,1
263,20000,7,4,1
264,16000,6,7,1
265,28000,5,7,1
266,31000,7,6,1
267,18000,6,7,1
268,21000,6,7,1
269,18000,6,6,1
270,22000,5,6,1
271,15000,4,6,1
272,19000,7,5,1
273,22000,8,7,1
274,32000,7,7,1
275,27000,6,7,1
276,16000,6,6,1
277,25000,6,8,1
278,20000,4,5,1
279,22000,5,6,1
280,18000,5,5,1
281,20000,5,8,1
282,24000,8,5,1
283,16000,7,6,1
284,36000,6,6,1
285,21000,4,4,1
286,19000,7,8,1
287,23000,7,4,1
288,28000,8,7,1
289,23000,7,7,1
290,23000,7,6,1
291,29000,5,7,1
292,16000,3,7,1
293,18000,3,6,1
294,26000,7,9,1
295,29000,8,7,1
296,22000,7,6,1
297,31000,7,7,1
298,21000,5,5,1
299,17000,8,8,1
300,23000,6,6,1
301,21000,6,7,1
302,18000,5,5,0
303,26000,7,7,1
304,12000,5,7,0
305,27000,7,6,1
306,20000,7,6,1
307,33000,9,6,1
308,25000,6,5,1
309,15000,4,6,1
310,15000,4,6,1
311,32000,9,8,1
312,33000,8,6,1
313,23000,5,7,1
314,23000,7,6,1
315,38000,8,6,1
316,12000,5,6,0
317,24000,4,5,1
318,20000,5,6,1
319,22000,8,7,1
320,20000,8,6,1
321,31000,5,6,1
322,16000,6,5,0
323,34000,7,7,1
324,22000,4,5,1
325,24000,6,6,1
326,13000,6,6,0
327,22000,6,8,1
328,16000,6,7,0
329,20000,6,6,1
330,27000,6,6,1
331,26000,7,7,1
332,24000,6,5,1
333,15000,7,7,1
334,20000,7,5,1
335,26000,8,5,1
336,29000,6,6,1
337,21000,7,7,1
338,31000,7,7,1
339,18000,7,6,1
340,24000,9,6,1
341,20000,6,6,1
342,34000,7,7,1
343,18000,5,7,1
344,28000,9,6,0
345,21000,4,6,1
346,17000,6,6,1
347,21000,6,7,1
348,19000,4,6,1
349,25000,7,5,1
350,20000,6,4,1
351,26000,5,5,1
352,21000,6,7,1
353,19000,5,6,1
354,23000,4,5,1
355,16000,6,5,1
356,24000,7,6,1
357,25000,7,8,1
358,28000,6,8,0
359,19000,3,8,1
360,28000,6,8,1
361,27000,7,7,1
362,28000,7,7,1
363,23000,7,6,1
364,20000,4,8,1
365,18000,7,7,1
366,21000,7,6,1
367,21000,8,5,0
368,16000,6,7,1
369,16000,6,6,1
370,19000,4,7,1
371,32000,8,5,1
372,30000,8,6,1
373,37000,6,6,1
374,16000,6,8,0
375,21000,5,7,1
376,24000,8,5,1
377,26000,7,8,1
378,21000,6,5,1
379,29000,5,6,1
380,16000,6,5,1
381,30000,7,7,1
382,26000,8,6,1
383,19000,4,6,1
384,28000,7,5,1
385,28000,5,7,1
386,20000,4,8,1
387,27000,5,7,1
388,32000,6,7,1
389,21000,6,7,1
390,29000,6,5,1
391,23000,7,7,1
392,25000,6,6,1
393,23000,6,6,1
394,30000,7,5,1
395,25000,7,6,1
396,15000,6,5,0
397,13000,5,6,0
398,11000,2,5,1
399,25000,6,6,1
400,21000,7,4,1
401,27000,7,5,0
402,28000,7,6,1
403,28000,6,7,1
404,24000,6,8,1
405,21000,5,8,1
406,19000,6,7,1
407,21000,6,7,1
408,15000,4,5,1
409,23000,8,7,1
410,18000,5,6,1
411,14000,5,7,1
412,18000,5,7,0
413,22000,9,8,1
414,31000,9,7,1
415,25000,7,7,0
416,22000,6,6,1
417,11000,6,6,0
418,18000,6,7,1
419,19000,6,6,1
420,13000,5,7,1
421,35000,7,7,1
422,23000,8,7,1
423,27000,6,8,1
424,24000,8,8,1
425,21000,5,6,1
426,17000,5,7,1
427,21000,5,7,1
428,32000,9,6,1
429,20000,6,5,1
430,17000,4,7,1
431,22000,6,7,1
432,13000,3,8,1
433,19000,8,7,1
434,29000,5,7,1
435,28000,6,7,1
436,13000,4,5,1
437,13000,3,7,1
438,23000,7,8,1
439,15000,5,5,1
440,25000,5,6,1
441,33000,6,5,1
442,20000,6,6,1
443,16000,5,7,1
444,15000,7,7,0
445,21000,6,8,1
446,16000,2,6,1
447,16000,5,7,1
448,15000,4,7,1
449,25000,6,6,1
450,15000,5,7,1
451,20000,7,7,1
452,29000,6,7,1
453,26000,6,8,1
454,18000,5,6,1
455,29000,5,5,1
456,23000,7,8,1
457,20000,4,8,1
458,26000,8,7,1
459,23000,5,8,1
460,13000,5,5,0
461,21000,8,4,1
462,39000,8,8,1
463,20000,5,7,1
464,16000,4,7,1
465,26000,7,7,1
466,24000,6,6,1
467,16000,7,5,1
468,24000,4,5,0
469,25000,6,7,1
470,31000,8,7,1
471,15000,4,6,0
472,29000,9,8,1
473,41000,8,7,1
474,23000,6,5,1
475,27000,7,7,1
476,22000,7,8,1
477,18000,6,7,1
478,16000,4,7,1
479,21000,4,7,1
480,33000,7,6,1
481,33000,6,5,1
482,34000,7,7,0
483,20000,7,6,1
484,23000,7,6,1
485,16000,4,6,1
486,23000,6,6,1
487,29000,7,6,1
488,21000,6,6,1
489,22000,6,7,1
490,29000,6,7,1
491,23000,7,6,1
492,28000,6,6,1
493,19000,7,8,1
494,16000,5,6,1
495,19000,6,7,0
496,18000,9,6,1
497,21000,7,6,1
498,18000,7,9,1
499,35000,6,7,1
500,38000,7,6,1
